%conductance in 1/kohm
%force in gram

conductance=[0,0.5,0.75,1.4,1.8,2.1,2.4,2.9,3.3,3.9,4.15];
force=[0,500,1000,2000,2800,3600,4500,5600,7100,9000,10000];
resistance = 1./conductance;