%conductance in 1/kohm
%force in gram

conductance=[0,0.08,0.15,0.28,0.35,0.41,0.49,0.56,0.69,0.8];
force=[0,30,100,195,310,400,500,630,800,1000];
resistance = 1./conductance;